100
5
0 0
10 0
10 10
0 10
5 5
11
-160472 -525679
141365 329227
437877 -35981
-3861 -795335
-313256 1000000
-849405 -935156
-105937 1000000
8381 -719405
-669314 1000000
-124693 -680034
-62789 1000000
15
905516 -477964
-493366 -712980
112560 -946268
98902 608200
397089 506946
60092 -572524
-376215 -596103
-591786 172409
645055 -670534
640281 734660
-798430 582443
307031 786218
494482 232837
685112 665717
-108249 258137
11
-331205 241211
287807 -221214
83070 577443
491021 -799416
416712 492043
584236 826545
-613818 919630
-214381 -864233
577411 -390923
-42437 871365
-397827 -904621
14
-438750 131625
97100 -29130
-422120 126636
652030 -195609
120190 -36057
-848730 254619
-177480 53244
-693050 207915
801130 -240339
-111930 33579
-731740 219522
123120 -36936
536590 -160977
809840 -242952
2
130196 -130196
-251476 251476
10
373212 53316
834743 119249
388808 55544
31199 4457
-406511 -58073
-378420 -54060
675458 96494
-705383 -100769
-538643 -76949
-162505 -23215
7
916599 -952943
674856 111952
857825 111952
532634 -543868
-288438 111952
-764116 -218843
37771 111952
7
838935 -65907
-618219 -27319
-268986 495270
-989583 -905907
-172260 -545998
452454 -938694
681184 37929
5
108948 694552
436291 -666886
486906 694552
991164 189165
-779024 694552
14
185198 -972292
-774832 559399
746214 -782146
273618 546891
998696 -89023
866728 -526778
-795831 275278
-907990 477657
431821 805430
-632934 -451360
-468138 -226684
-750706 961991
429793 -857526
-581615 80820
15
-381176 -840598
-270723 245229
-947064 -199412
-380697 -162750
-405593 628223
-136848 329777
20344 258213
-373636 206447
313782 -495086
-878031 -285505
-218784 -224669
-792319 716773
3553 150205
-540966 -566488
187611 983384
10
970480 944368
-420961 944368
-527011 944368
796993 944368
221213 944368
-225067 944368
459384 944368
336519 944368
596861 944368
586437 944368
9
978715 100450
696409 346054
-583807 -960524
923444 -218890
734848 199600
528124 -239180
29656 -275679
182699 -212651
635417 301909
13
361859 1000000
718969 1000000
962082 1000000
-524841 1000000
454493 1000000
583785 1000000
19572 1000000
627020 1000000
-963709 1000000
-128058 1000000
307143 1000000
499993 1000000
328682 1000000
8
-885818 11029
757569 316029
-147460 -977435
724109 647151
963047 -581674
-122464 -647913
-479832 -923846
-191121 -742095
14
437084 -672555
954501 -265005
-631499 -450698
-293042 -946565
-357691 -543837
469676 -101096
109432 293616
202174 -381328
466386 716649
175867 -715861
341072 247414
780072 -210665
599126 -22874
-992901 -701131
15
644297 5320
241010 -700250
-813140 -479224
-680693 779060
-288405 -231850
674550 -711065
445825 -630069
-160111 277150
-866928 29223
89633 -395883
711939 -715931
988647 -95842
-923615 -690927
-581312 -960814
-980586 -899238
11
901056 -1000000
93596 -1000000
-407755 -1000000
788855 -1000000
723718 -1000000
-296723 -1000000
-506160 -1000000
998146 -1000000
-669893 -1000000
-825444 -1000000
-835231 -1000000
15
-671087 -1000000
534770 948060
-505996 200257
-560565 980296
-858365 -996037
496337 335608
665423 -1000000
-201320 -1000000
599395 -467611
377078 -1000000
522478 -1000000
338309 560074
-103458 509339
-633494 -1000000
-528355 -1000000
10
2700 2700
449819 -606813
266199 -748342
749800 -615056
-842076 -842076
358043 -596478
981313 -618053
-272606 -767289
-645174 -645174
675418 -176504
10
-574509 -1000000
-666718 -1000000
-656122 -1000000
-728166 -1000000
757592 -1000000
-733088 -1000000
76487 -1000000
615029 -1000000
750076 -1000000
-222825 -1000000
12
13941 32529
246453 575057
362598 846062
-54861 -128009
-244191 -569779
80175 187075
-6012 -14028
406245 947905
-377181 -880089
-27771 -64799
-205110 -478590
119220 278180
15
-550595 799039
-70768 632230
-642810 153870
-99880 337958
-295156 774045
-741394 285467
-81898 67840
898848 480881
28614 955158
273983 -654518
520030 238706
-158075 596135
335249 96654
-137740 252389
130581 368669
7
-10038 7170
-710731 507665
251482 -179630
208522 957251
-270065 320260
-497105 355075
-397110 407758
15
-470041 274774
-855058 520353
-724507 194827
-168129 -29190
333783 640607
-922803 -499701
-967346 930449
-55460 -979781
-786911 -265501
861120 906955
393700 -287946
772625 334230
231092 591736
685409 929513
37686 -572562
15
-811323 -174985
-935824 -571211
-205284 847908
-621060 310593
-245498 -473419
-464486 692804
154592 489333
-41482 810885
150839 -849073
-40125 789260
-185854 -948637
516064 797170
475279 550339
-826744 681202
-278622 -555691
7
794021 -966130
602406 -305910
-450193 556852
812284 -710735
-270057 8246
551007 702378
676865 945655
8
614568 204856
892617 -588586
-850788 -283596
141142 -896898
247126 -289173
-135911 -84289
-652644 -523586
-455727 -151909
12
235197 -34101
-787777 -1000000
651146 33307
943173 5543
-997872 -172336
-179329 -1000000
726021 -1000000
998287 -897848
602749 -1000000
-357682 -1000000
-848434 -1000000
-324088 996604
15
-197692 -85639
-713296 -716688
277430 -917823
-841496 442921
656493 -417718
207707 712862
324650 -90404
900481 176558
941523 -873936
-37967 -984953
803694 247827
174419 -599531
738256 -64312
-916413 175223
974580 634407
9
159586 -284935
-462611 -967886
-197354 -626185
-90901 -160937
-556276 242919
-53641 965877
-743783 670030
751514 -739156
-141559 863455
13
168754 -369591
-20332 -408004
-944218 -178630
-850976 -313746
775099 -532504
-152878 323259
-662001 203756
-920305 850281
940539 77869
-719291 706653
261063 441611
-77440 -500192
-127744 184067
15
480701 617818
638843 879222
-142966 -515311
411405 356216
546458 257482
-667049 132389
-857908 83461
979114 659284
-474187 -758134
701097 -773578
304011 346234
-166318 535171
-132383 -661695
-445194 504090
-441178 -299012
1
1000000 -638398
12
268565 887986
-3564 -5346
490036 735054
139444 209166
-8560 99666
34104 51156
271974 407961
-713423 -100480
-252239 294895
-388965 737562
-632816 -949224
36502 586271
15
-237233 -80045
-769343 -531181
-771281 -400584
315724 326362
579563 845951
-387862 341521
976490 892302
303369 929030
355263 211815
-992231 293886
899785 646542
883863 92940
871266 -439974
-363041 947376
-354069 802444
1
-226485 -494671
11
-619693 350895
-142551 350895
176071 240626
275059 350895
-944282 -866096
8750 350895
-714001 -502949
717501 169184
738989 43097
457290 86112
226614 350895
14
490908 -1000000
-630912 -1000000
145884 -1000000
186546 -421543
216131 -1000000
205341 -1000000
-631440 -1000000
77298 -236087
-444387 900208
-644870 -1000000
228590 307598
96361 871089
970589 -83861
-282596 974082
13
-20184 -1000000
-151710 -1000000
123934 -1000000
-304084 -1000000
-45706 -1000000
-820704 -1000000
-19453 -1000000
-580505 -1000000
528939 -1000000
348060 -1000000
618569 -1000000
429332 -1000000
501134 -1000000
5
75716 -698524
851430 -433479
407186 788989
-25913 459227
-187575 967885
14
818923 -467956
825825 -471900
-887474 507128
-592928 338816
116228 -66416
624036 -356592
-202930 115960
906577 -518044
-917609 524348
-196399 112228
-346710 198120
591213 -337836
509138 -290936
-401989 229708
15
-966806 -713079
-206457 -755451
-222776 462308
-39482 61500
586384 -70114
698713 -31907
-441642 438334
702634 597668
-74517 -340645
71427 750675
-210442 -520463
757550 695003
-853844 600814
667298 905940
291779 -761448
1
66570 533690
15
-560174 128281
-682795 -281005
-989429 719301
562494 943004
103362 371908
-133910 902395
-677042 641424
221430 135590
-939380 -657797
453868 -633799
-693091 818399
-947673 -162705
-70752 922454
-162276 -272663
-281461 -585204
5
135940 522984
-449075 522984
-974844 522984
219483 522984
-199289 522984
15
861266 -720531
-252420 -998592
-321280 -226439
-136407 -514307
-946260 -321475
335252 101411
-32973 -217342
-260219 -147182
285223 31947
-127928 909276
522885 159834
-493474 601925
729797 -754759
632505 -997180
548927 -368639
2
992784 365546
-485075 768618
11
895803 868816
-284520 177825
762445 -371157
-603686 967297
681032 -425645
-689181 531245
-717184 448240
133544 339743
452704 -282940
-530825 494082
428503 -56630
12
455606 -184768
-551041 -588938
-35805 -184048
9340 -132855
369191 -819796
473077 -727525
-463109 -101624
64317 128266
-983866 587298
430129 740223
-703167 -765481
-347076 966115
4
773122 997647
-823426 997647
-44004 997647
411413 997647
15
-203054 -896191
440438 366721
-142985 11645
429141 -477779
-248834 706853
439429 -145973
118551 -794889
183858 462237
-49070 -366044
-477856 90447
-266293 261839
719036 958326
746283 -756140
801681 -512869
691667 547110
14
-775715 -183374
-720652 -183374
600482 -183374
384809 -183374
-971066 -183374
-264300 -183374
677848 -183374
544121 -183374
-146381 -183374
-61534 -183374
456234 -183374
-797241 -183374
-595633 -183374
-243902 -183374
10
233149 -296778
-165722 -969240
109515 456402
-165722 41362
553555 291218
954281 711450
371338 -424057
596830 277014
836415 -985259
321853 -297702
15
-77313 571355
327072 -367355
82725 206675
-122494 835511
-767024 106141
-126520 -540319
557789 811052
703388 28575
487661 123458
-615363 -294912
-906979 908707
174266 -746531
826589 -367279
-707594 842738
770434 -493544
3
-343963 887435
153829 -432825
-698763 -410837
15
-6588 -708899
180695 -84099
584680 -252029
344218 813500
-588142 -94090
226404 -940058
-904004 299407
-756334 931756
122084 358519
-819018 751401
215373 296133
-236124 618870
566666 -830141
428756 -575319
-866078 -678458
15
-774400 -375122
310796 -284382
-890082 -758150
-464238 109876
-868856 -715955
329078 -149779
-234343 -429938
816429 -26073
-801571 -610958
838757 -414882
391205 401091
-694629 142315
723737 254225
36943 335870
-446309 -795641
12
-650097 24824
760318 -784975
-842668 502927
-940090 496365
-149121 786679
693870 -601589
137148 588934
150019 -343960
485705 446975
-20260 956841
-573558 374174
-289273 43964
7
14677 267454
-454811 656128
616579 -373022
-495936 309960
-852591 744216
-406511 254596
246399 722187
15
279896 -138134
-953043 -228517
429124 -930288
-369606 -417854
94233 -843874
810889 130887
-644580 -63130
-765695 189167
-650434 374075
-590755 -589619
196307 560359
-970443 428166
790379 -623694
749706 -901320
194715 -825818
8
474136 592670
-506612 -633265
230152 287690
279224 349030
-695396 -869245
682840 853550
675104 843880
308416 385520
10
1000000 -150463
-911479 471248
-856918 -675356
1000000 -421648
1000000 850568
1000000 -924463
-82436 284128
-833916 -781792
1000000 827264
-106359 549341
9
-754692 710476
-359983 385683
691574 -453100
-47200 312818
972926 753922
625344 753922
430488 753922
42273 -592538
627161 -428979
9
926367 601246
-787127 601246
-695473 601246
831470 601246
391658 601246
-521436 601246
-65170 601246
639600 601246
-569297 601246
9
348553 1000000
-898453 1000000
209325 1000000
-558121 1000000
-163115 1000000
-217866 1000000
969574 1000000
542223 1000000
-893887 1000000
15
-488027 14022
-539200 -707175
704487 -442319
-165139 549583
-217145 591878
903354 -912817
923202 879934
-863482 -985749
-82600 -987839
-470014 -514498
559036 -146267
-405799 -138767
-964267 -472568
594917 -187803
-266309 917806
15
-952243 -971427
-944278 474524
-755697 -609879
-436245 -874640
-159570 -895603
264868 666882
479865 688110
718209 193668
-900742 115439
621328 -519823
220865 -398170
636179 424406
18895 907071
-102216 -788947
-830866 541881
15
799456 798850
-742015 205779
-267541 -719357
-738778 524862
105654 -470391
527394 -420475
988121 248707
-882573 -809405
218483 -199453
-986609 358796
193054 757882
396641 -610387
-947893 -610210
-481848 54032
476854 -343153
3
405556 -428981
537275 -291437
-936036 704700
8
48423 255395
931970 404240
631814 306420
225265 435639
635051 255395
-192709 255395
-459641 875907
-815520 867373
7
944070 -1000000
-256787 106053
98817 -49726
-161042 -617681
-293338 524012
-757843 966600
-208962 -340569
9
-591228 -640600
904197 37217
-300243 173374
643884 -876676
-886776 1000000
772924 1000000
-992683 -257507
-431529 669476
-835107 1000000
15
-114015 979861
-146398 704522
-372970 -330159
833016 -528207
853235 676015
886530 -514421
-510200 -996618
717431 444685
495238 681931
323184 -78797
171167 -947518
989218 -522873
694420 599374
-341672 -178660
575459 744154
6
386732 321212
120023 742788
790931 584591
1000000 -722375
125610 237371
1000000 443539
12
989069 451276
250260 -166840
-887315 717423
322221 -108554
766607 -10898
-80754 53836
611178 -407452
956552 414862
619359 -353450
-217746 145164
45640 439500
87162 -58108
1
410763 542199
15
766852 275286
915477 -860281
-449499 499713
-335451 -656394
523829 -689086
-578034 728075
-451840 54211
938118 828408
-385179 -102590
-484152 -564544
-458709 -883527
995057 -588726
-653480 -740278
-320867 -70269
-151671 -437132
15
-254150 988844
-233780 752019
-633394 311441
-414149 -738041
-980741 -375590
367274 305125
-324693 611714
-191505 -968000
209359 308062
17544 -54350
-755738 521555
732062 -873413
-647168 -445194
-390841 -637194
-466639 -276003
5
65304 -1000000
-338391 -1000000
-255333 -1000000
-771269 -1000000
475428 -1000000
1
570478 286007
15
-263939 -326701
477557 505637
-243832 556720
-326258 928891
-111022 236598
-830268 42762
-564564 -188999
644695 -207036
169381 110104
360221 -791027
887063 206266
-447899 345152
658948 476756
-699398 -153138
-480792 30098
14
461918 -416845
-35970 43999
-289720 212858
708371 54597
766572 -937780
-334483 -849490
-366451 -672044
148981 438372
-814790 80861
803506 -879706
743132 234617
-560527 -380572
-250440 -885501
-276394 545978
7
478290 -143487
-315710 94713
310960 -93288
970000 -291000
746920 -224076
838840 -251652
-931560 279468
12
-538020 53802
829124 -74188
676090 -67609
760590 -76059
300110 -30011
-236091 57663
-934870 93487
919136 908654
945354 912007
-144685 876347
-694623 398942
477244 110851
11
170854 340977
170854 -616916
170854 778715
170854 -226914
170854 295704
170854 -285191
170854 867284
170854 574485
170854 -570701
170854 806498
170854 499465
15
-466062 932816
442663 -380364
132476 -242636
108320 -609895
-972175 -23323
481129 519643
989617 620118
354379 -492774
3045 -352987
521604 -871175
127488 -870801
349678 93184
16709 -982276
-154589 -149130
820697 -507278
11
4572 1016
126450 28100
262062 58236
-474903 -105534
664209 147602
741690 164820
51066 11348
-781155 -173590
-428121 -95138
848439 188542
-21654 -4812
7
1000000 -606286
1000000 399910
1000000 18296
1000000 347699
1000000 -82820
1000000 219097
1000000 708164
8
-265947 737239
-265947 776545
-265947 -482647
-265947 -780306
-265947 788579
-265947 -233728
-265947 882042
-265947 -84570
8
544681 -283732
550379 -351851
295704 -958079
-353608 881459
-353608 396667
255625 736804
531344 138694
-132607 -483488
15
707615 -462221
-661726 -718531
-706217 251694
686046 -294416
255662 -603440
206799 522058
423108 905701
-627575 62313
914724 768369
413976 479913
-686625 483881
156398 694411
-530103 834134
-927159 -45713
673526 96303
8
-355316 -710632
287755 575510
338400 676800
-842653 123281
152297 304594
-665965 571368
-196844 -393688
-91432 -182864
2
-925686 616755
516605 -326152
15
-600230 -191686
-560944 281632
-361867 -107411
-604458 -496092
-134672 281831
498212 -314614
243560 -549106
259490 -432542
-447068 -83474
847553 380353
325505 -707905
704524 -233303
737979 403278
-330895 -542868
-560221 389971
5
186028 244075
-755836 244075
-289272 952235
670738 561191
-954143 244075
6
238550 -761991
-851954 473077
-198850 -571480
-917101 915305
-304727 488415
948068 -593297
15
-93419 682345
-177692 -388620
716085 -712729
381126 -217480
-460681 954973
-415383 299038
-948197 469707
579392 -277833
13541 -630434
-609269 -931862
-609733 -286239
71447 -758951
763048 -568214
598328 428671
671332 952227
8
430093 60003
-313873 93812
468659 -988770
854499 417613
-270800 -719940
317471 447779
378188 834891
873819 794909
