100
5
0 0
10 0
10 10
0 10
5 5
15
-425160 -443590
-801280 589569
222082 690131
-627355 217946
282852 -239644
-476119 424270
200 -558429
875753 279195
-392949 118876
-52991 422292
823846 -405162
965521 -386416
908626 138436
-199722 241517
-47020 -488627
9
158419 773618
-938704 773618
388959 773618
828298 773618
946422 773618
661120 773618
-652624 773618
-887936 773618
-542100 773618
10
1000000 704234
1000000 731316
1000000 914457
1000000 671130
1000000 -802732
1000000 -191907
1000000 -890477
1000000 -106099
1000000 97718
1000000 -79860
15
88268 -973132
-940112 -45336
-278273 846087
789104 -726
-500262 473531
-682701 -772635
-143015 290810
585536 187013
-738685 858921
-191879 -195544
139411 -180498
774372 470122
69296 313630
-408575 -685488
513913 -956169
15
-251748 -3227
-301523 -755826
826682 -292956
198726 557049
-783020 -960114
826800 -391000
904487 -389259
253597 974465
578726 -9828
-913842 83302
-946406 723313
117601 305217
398648 976019
-582351 121430
839383 776194
5
453224 494399
532515 494399
366392 494399
-121356 494399
452642 494399
8
-673093 -643290
-48841 -1000000
769008 -1000000
-641068 -47452
814746 -1000000
920321 395828
112866 -1000000
-971592 -1000000
8
566123 -472024
125911 180838
272056 899105
-639756 -92787
763842 954193
-43143 434678
815095 -536726
865057 976280
15
179537 330640
-608240 961355
-196424 638455
-466292 98748
-946386 768611
966922 445711
628109 722759
323740 90544
902148 -21310
465972 858277
-34555 -220696
891168 122315
-870319 -151021
-154348 736208
781067 -983411
11
-326668 243928
277828 -758781
371475 -616520
-440075 7009
558178 -859783
918412 -350992
151181 -376391
205125 -651722
-970933 532742
563567 993754
-831511 -696802
15
-646568 -768247
-301490 421012
789366 50962
-31473 -414578
575659 292090
416255 443998
-798578 -16241
23574 -937403
214942 -414227
-259406 -748717
-201446 -301406
-733422 725593
-420195 -494030
-979587 374505
-903770 -769234
15
-569361 -871674
-435876 -92524
-593140 -294942
-480027 774899
668394 894429
-624200 -326792
-686046 -826778
9937 -853719
-913119 333815
423097 -899020
-367658 -935973
394559 -915874
5004 -462231
719473 -7707
-73552 -981037
2
-816783 -1000000
316495 -1000000
12
-735516 -873665
706879 -15980
346088 173044
139174 -972736
-611048 -305524
-50648 -25324
-466240 -233120
835057 -577678
-324680 -162340
992781 -665063
-631160 -315580
979866 -591467
10
-771985 1000000
209579 1000000
992747 1000000
932015 444155
-990072 130088
-325044 1000000
-247123 -580643
540875 1000000
-349279 1000000
-15564 424714
15
826504 761391
687270 763082
750791 -633493
377281 -562966
91150 -52488
-653290 -659435
-372848 153392
11702 874674
896045 799970
285962 823165
693720 349178
466103 745828
-524893 621630
-800872 978246
446044 -424971
5
-944326 -1000000
100450 -1000000
-188215 -1000000
-354720 -1000000
877747 -1000000
12
-17542 -43855
57632 485609
194250 485625
-249902 -370202
-7617 266321
-48762 -121905
-364806 -912015
-293778 -734445
-495372 -951439
361546 903865
-109082 -272705
-749823 492270
15
507492 553838
18876 402264
-591901 -446618
-13624 -89607
-54764 247322
754428 812418
987400 791595
-83298 371944
-614371 708874
606832 -215098
-87656 791224
-306739 -382751
623330 -905173
-148768 -452485
121621 -781736
10
-231092 -703919
-919764 980036
-968547 -77982
-872503 1000000
945154 98116
641384 673078
-983547 -696734
712107 -196841
-579003 -826149
-13233 1000000
6
550035 -851718
1000000 178198
428098 479288
-848043 880058
1000000 -370693
1000000 -548074
15
674884 -347706
363750 894539
-170215 -358640
-137902 478375
-459028 217684
-920987 -272797
806921 -457718
595287 76028
25788 815249
-26099 -364669
711718 453175
-280879 -324336
860498 -504002
-231168 913148
-205906 -243865
7
393957 205325
-612335 205325
-227556 205325
704275 205325
760261 205325
788234 205325
397029 205325
15
-607744 -426373
472238 350460
677944 -930912
-475376 -501491
-407366 649255
-535559 -605963
808405 -568795
-952717 -291948
-898136 601144
316657 -588251
-382104 683021
-574004 -505823
-603848 -948381
35451 -522999
-506633 885980
9
-304974 899846
979666 -20131
-213057 607109
-302852 -20131
-889555 97095
892041 671955
184433 61402
-442518 -20131
-555239 -20131
7
919595 882131
653238 882131
-205829 882131
915385 882131
415946 882131
-568744 882131
-252269 882131
15
172459 789551
-437136 41159
948290 -230823
674044 -657162
412527 875195
20487 -946258
-321584 12369
4147 564681
157512 630603
393851 702848
76035 -56004
-321775 110946
945203 731409
-243607 101628
212917 846862
7
782243 -1000000
402908 -1000000
-515330 -1000000
-581197 -1000000
-261269 -1000000
714426 -1000000
590042 -1000000
15
575166 -50043
799527 992957
-328934 -218013
544557 -866117
-217590 79961
1259 891241
605993 -516037
793646 147580
-423740 95807
-540670 -780363
-505334 -453933
126372 404131
551607 851469
808892 721200
848116 -609275
7
675833 101016
-689759 976088
137084 -89877
-499403 -92075
592771 -886485
-259256 -350006
-656948 -152493
15
535830 -927132
166083 801623
-390346 817537
-803466 655005
889540 -173463
-143102 -373063
-346200 -464335
143053 880594
-850962 631534
-905567 390384
-935181 397320
-902784 -681851
994311 -233997
-63681 -497543
555416 308247
7
325548 311102
-492631 513181
554075 -267917
584871 316957
770281 -739861
235654 -691219
877968 -27256
8
967209 556412
812426 556412
-217358 556412
929881 556412
-379442 556412
926492 556412
-996549 556412
417509 69722
8
72007 429671
757652 440936
-582036 -287227
-643958 218096
322344 -693886
-973553 662832
951689 -106717
-512562 -335819
14
-951085 -1000000
157998 -1000000
-316252 -1000000
-651051 -1000000
-70528 -1000000
-450287 -1000000
-985241 -1000000
106197 -1000000
850878 -1000000
830296 -1000000
-692560 -1000000
-671770 -1000000
287163 -1000000
-255202 -1000000
15
-205132 -435977
-582245 410676
764617 17902
-256008 122794
-964759 84808
711824 319822
-278088 -665873
294230 -647955
875941 -812189
827914 455096
-600544 -878993
598602 895697
396042 -240245
4705 -244116
-168401 -570586
9
353016 -235344
-147191 646598
105024 -21936
876254 -460620
262536 540561
393961 786262
877285 -380022
-232002 154668
341519 948128
2
-158305 -311988
690574 80143
5
153826 -474868
-145223 -276412
-476256 -59532
825656 103207
552022 -198649
15
-318948 194158
-162727 780588
328559 876382
703790 533389
696202 719492
-632179 249527
688314 -750888
-917631 338121
-453069 -308434
-723804 542307
-312499 895354
50035 -343584
-766541 -803506
-101234 -866078
242584 877257
15
695415 -825764
-724658 39329
-436618 177129
655315 105205
782746 -34787
507018 238561
-627006 408505
319949 624776
-298612 469814
-456453 -972053
-212639 -254938
-204886 557900
56752 -674801
-38215 -432796
-505758 947083
4
-102587 -194947
375264 -194947
335405 -194947
-434484 -194947
15
-920803 -379495
-94822 246587
620677 -482761
354579 803981
-137655 -802301
183391 -669166
-251988 -456973
-125999 -243511
-120386 537566
670296 769071
-198139 -31492
750965 -312243
-981233 890241
325287 -39367
-290021 348003
9
-359857 -786771
-385389 854849
-243262 -544421
137241 -841964
-965113 941604
316837 789355
355246 -277404
913606 725205
211724 683460
8
820593 439295
820593 -367419
820593 -271124
820593 -882631
820593 -88284
820593 758901
820593 -891205
820593 700277
6
-329639 -503463
534557 967581
-329639 -586510
-329639 352880
-329639 -64832
-329639 698425
15
983686 671250
-695184 555271
-562560 -31056
-623567 504278
-441626 424671
-79827 -640441
541553 335330
906154 697499
618666 235426
611734 -210395
-743869 -277626
389312 -123763
484742 -576772
846712 943294
-527583 -941041
15
-964157 -747482
-595591 -576909
-234149 402707
161960 420531
-15755 364344
335224 -338904
448685 -75243
439032 -70287
-886466 4619
698948 255840
118640 -55505
-775996 10313
693565 922739
-130871 -50297
559546 810729
15
531078 -909302
515132 45616
-355797 893492
659199 -856199
-204519 103699
372782 -184950
-947175 885808
-622246 119726
-583233 -211294
315838 18156
-678298 -702435
-220075 926909
149480 -40318
322537 -828499
-383679 -681511
15
-382983 -283216
-233678 -344303
720107 801881
-617351 356559
-22987 -427054
696243 741510
-955358 153533
357195 271833
-831582 279754
587185 -652088
-176884 -418799
-403366 580080
835027 -386533
134216 -319539
-970051 136002
11
634626 -770809
-68468 987430
567869 -641824
676669 987430
434250 46197
610960 147853
328061 987430
479286 -291514
-619350 800764
-314167 987430
254529 987430
10
187977 912464
887053 912464
-605884 -200171
796005 -764795
149938 912464
-112232 -431521
338269 -344213
-598941 912464
792149 -177166
679208 -826967
13
-35784 -8946
-514536 -128634
911920 227980
946656 236664
-523056 -130764
-627924 -156981
152772 38193
-566184 -141546
-714428 -178607
-330476 -82619
-430504 -107626
679844 169961
723496 180874
4
1000000 102621
-574525 820761
941081 265797
938349 844181
10
510822 -113516
-781821 173738
400770 -89060
600957 -133546
-571167 126926
-956439 212542
-10728 2384
599049 -133122
-170145 37810
823734 -183052
12
989069 451276
250260 -166840
-887315 717423
322221 -108554
766607 -10898
-80754 53836
611178 -407452
956552 414862
619359 -353450
-217746 145164
45640 439500
87162 -58108
14
864682 218020
-976130 -347215
-976130 544268
690753 988607
-341289 216023
-976130 -467353
-976130 612424
-868033 -439168
-976130 -934246
-897498 356588
935302 -332726
-976130 217525
-976130 -416489
-61621 511804
13
-865108 135319
-951304 124613
169588 -940188
348664 384554
-439940 469145
285921 -365564
947686 -100842
-472043 994443
-561728 444559
-639550 461468
717577 -19903
372089 304419
834836 295384
15
876935 997970
339206 768717
-241400 -721877
100622 45501
357975 895413
-601477 -37631
-346956 -336032
517870 -992532
-226734 -385030
704365 -722788
21816 -229064
-154760 -1865
82265 -142052
11197 659620
123618 775772
3
36941 372092
671804 269399
-274885 -524513
3
173056 -863993
-995420 110409
585055 -662814
9
-11096 -68286
237101 -539997
-218580 -527859
-560148 -361929
-343497 396455
-99645 29880
280085 -15149
441518 241361
808819 696936
10
540484 -386060
536725 -383375
-52661 37615
582204 -415860
-847406 605290
-210756 150540
120526 -86090
115360 -82400
-393743 281245
590443 -421745
12
-324180 -305678
-482617 -305678
268785 -827291
-528950 -600847
-307644 -991397
-212598 -305678
284465 -305678
530774 -786046
338679 -305678
753267 -305678
-661386 -770295
81223 -305678
15
417041 -360551
92575 -238662
-732300 980100
-736527 498475
-172928 -413357
-433977 95972
709361 143869
391366 -898192
86178 -26044
66104 729840
410369 137598
-197583 616961
-289208 -492000
156183 239455
-873404 206648
8
-773498 -844442
-624140 134554
-490697 -737718
950283 698574
-53837 -582507
-733695 -594519
-963986 59535
-951783 -205504
15
517379 -409945
851266 -480407
-333820 -34150
280518 -36212
667017 -943488
-727783 585411
129508 -120347
-553240 -315579
607457 -875878
-291435 -336358
368030 909115
-192324 675664
-562709 -141224
-713027 200604
465723 222697
15
-793050 188314
-929384 247935
-487395 77555
247500 -577313
894578 -584743
672639 -151915
-836953 548544
-290434 164266
-782312 98763
-576017 936699
-686507 171039
-739530 590675
-143692 -924130
-565018 -674589
881455 499756
15
273240 -109296
-339121 586232
-610204 488267
-493130 197252
-241355 96542
-471636 854916
728865 -291546
319920 -127968
-332215 132886
750045 -300018
-936131 528266
191889 304692
-851680 548033
-114307 247318
-943512 911867
13
-521164 74452
735399 -105057
893368 -127624
822766 -117538
603288 -86184
995820 -142260
730919 -104417
374941 -53563
492947 -70421
-391937 55991
-430514 61502
472661 -67523
668241 -95463
15
149831 -813146
690045 -268030
-352638 -264417
337722 -842580
234958 248838
-925379 -893738
-228974 73952
75772 -96948
-122791 -392793
-489100 -529720
-454811 898454
888416 -909752
986318 288036
-766961 326615
-999501 -795110
3
-444804 -444804
-967716 -967716
-451711 203404
3
972270 -648180
-882177 588118
-203895 772128
1
-752058 -737087
12
826050 -602479
-551305 898350
676910 -939286
-65503 -491040
-912361 -1000000
-231243 -1000000
-459075 545595
762913 -1000000
273201 412179
695579 -1000000
946269 -117828
993157 -1000000
1
778523 67472
15
264720 -526074
904745 -416879
246093 724162
646480 -712225
110662 -720582
730792 140729
-126851 -602010
-868611 413447
808478 -990847
306575 -419587
-460299 586573
-566394 163325
34870 733513
-135255 -323556
-284044 886663
11
35730 -15880
-43884 19504
102510 869037
-903582 401592
-277857 123492
271946 722489
789995 213943
251423 982746
976315 598485
852246 -378776
-725778 322568
2
-17303 -173030
-49696 -496960
15
-315977 -966646
3233 -167051
362253 517732
437180 -605730
-630748 255857
-463438 245599
-694249 -952964
-498732 -10212
-936679 -885142
384964 -953147
-710692 -755210
-220207 115146
494763 708144
-183507 -778109
-254265 -875904
3
-485337 -814316
-498977 472968
370807 819376
8
-252076 -567171
375668 845253
83136 187056
-19852 -44667
-258916 -582561
-134076 -301671
-321652 -723717
175952 395892
3
42212 -119838
-588199 -296768
-788545 -652361
1
-51902 -932336
9
230223 606347
245606 515869
193437 475145
-942479 771433
-20742 571242
41438 913410
482859 123445
-582991 679745
-130997 256123
7
-849899 -838040
-967316 903794
-650427 -285322
-582770 -848925
-245811 887638
-112107 -644761
-267307 -566596
10
-552538 -889975
345041 -385816
-722567 -203441
-161446 564022
-580292 212529
513494 823429
-435740 852510
109001 849009
462070 497031
631737 756186
9
512620 -203720
586359 -203720
419394 -203720
-851259 -203720
-518290 -203720
-786739 -203720
-236045 -203720
756804 -203720
-242468 -203720
4
-213640 85456
-173510 69404
-616780 246712
607910 -243164
9
-917947 1000000
551093 1000000
173454 1000000
-815239 1000000
49132 1000000
-811322 1000000
-67380 1000000
-745926 1000000
880521 1000000
3
-365270 -36527
312040 31204
974020 97402
15
899090 -475856
894450 -255319
-805102 73677
-594875 -806102
614165 254544
54843 -602407
399731 429717
-455124 776885
-463327 -913991
-985438 -992444
-461494 274780
859349 794493
-531988 284264
746187 -268124
151543 38600
1
740555 1000000
3
1000000 -554848
1000000 651069
1000000 985713
4
929879 870917
24988 468491
876568 543545
-280339 -842856
7
-784650 -1000000
764141 427903
-77783 -501294
-712950 956087
-175655 -1000000
-318641 -805071
-381130 352398
15
894423 -325116
511933 -486682
-289117 33434
-449018 -643111
643519 -304907
-385339 272723
-730980 -458341
209591 476826
680890 -92327
-171358 -816353
-227940 -865887
157189 -491241
905715 -102325
-808028 779970
-823684 -936660
6
201090 -1000000
-724173 -1000000
-96235 -1000000
-326377 -1000000
-224353 -828667
229441 -1000000
13
-324222 -292846
993756 -859248
-406965 -772012
-400046 -444875
785985 -515215
275141 -551914
-723627 922216
333130 -976360
-80581 600482
183938 758904
-422453 891375
-372408 697509
6148 407915
