Case #1:
0
0
0
0
1
Case #2:
0
0
0
1
3
1
0
0
3
2
1
0
0
4
1
Case #3:
0
0
0
0
0
0
0
0
0
Case #4:
0
0
0
0
0
0
0
0
0
0
Case #5:
0
0
0
0
2
0
3
1
0
4
4
0
3
1
0
Case #6:
3
1
2
3
0
1
0
0
3
0
0
4
0
2
0
Case #7:
0
0
0
0
0
Case #8:
1
0
0
0
0
0
0
0
Case #9:
0
1
0
0
1
1
0
0
Case #10:
5
0
3
1
0
0
1
4
1
0
1
1
0
2
0
Case #11:
1
1
2
2
0
0
3
2
0
0
0
Case #12:
1
1
0
4
0
0
2
0
1
1
6
0
3
0
0
Case #13:
0
2
3
0
0
1
0
3
0
0
0
0
3
0
0
Case #14:
0
0
Case #15:
0
0
0
0
0
0
0
2
0
0
0
0
Case #16:
0
0
0
0
0
0
0
0
0
2
Case #17:
1
2
0
1
3
0
1
1
0
2
3
3
1
0
1
Case #18:
0
0
0
0
0
Case #19:
0
1
0
2
2
0
0
0
0
0
0
0
Case #20:
2
3
0
4
4
0
0
2
0
1
0
1
0
2
0
Case #21:
0
0
0
0
0
0
0
0
0
0
Case #22:
0
0
0
0
0
0
Case #23:
2
0
1
3
1
0
1
2
1
2
0
1
0
0
3
Case #24:
0
0
0
0
0
0
0
Case #25:
2
0
0
3
2
1
0
0
0
2
1
2
0
3
0
Case #26:
0
0
1
0
0
0
1
0
0
Case #27:
0
0
0
0
0
0
0
Case #28:
1
0
0
0
0
0
1
1
3
2
3
1
0
3
0
Case #29:
0
0
0
0
0
0
0
Case #30:
3
0
2
0
2
0
2
1
0
0
0
3
1
0
0
Case #31:
0
0
1
1
0
1
0
Case #32:
0
1
0
0
1
3
1
0
0
1
0
0
0
1
1
Case #33:
1
0
2
0
0
0
0
Case #34:
0
0
0
0
0
0
0
0
Case #35:
1
0
0
1
0
0
0
0
Case #36:
0
0
0
0
0
0
0
0
0
0
0
0
0
0
Case #37:
3
0
1
2
0
1
1
1
0
0
0
0
2
4
2
Case #38:
0
0
1
0
2
1
0
0
0
Case #39:
0
0
Case #40:
0
1
0
0
0
Case #41:
5
1
0
0
0
2
0
0
2
0
0
2
0
0
1
Case #42:
0
0
3
1
0
1
1
0
2
0
2
1
1
2
0
Case #43:
0
0
0
0
Case #44:
0
4
0
0
0
0
2
4
1
0
3
0
0
3
1
Case #45:
0
1
1
0
0
1
1
0
2
Case #46:
0
0
0
0
0
0
0
0
Case #47:
0
0
0
0
0
0
Case #48:
0
0
2
1
2
1
3
1
3
1
0
2
0
0
0
Case #49:
0
1
0
2
3
0
1
2
0
0
4
1
0
3
1
Case #50:
0
0
1
0
3
2
0
1
1
1
0
0
5
1
1
Case #51:
0
1
0
1
1
1
0
2
0
0
0
0
0
2
0
Case #52:
0
0
1
0
3
1
0
2
0
0
0
Case #53:
0
0
0
0
0
1
2
0
1
0
Case #54:
0
0
0
0
0
0
0
0
0
0
0
0
0
Case #55:
0
0
1
0
Case #56:
0
0
0
0
0
0
0
0
0
0
Case #57:
0
0
0
3
2
0
0
1
1
0
1
0
Case #58:
0
0
0
0
4
0
0
2
0
2
0
0
0
1
Case #59:
1
0
0
1
1
1
0
0
2
1
1
3
0
Case #60:
0
2
0
5
0
0
1
0
2
0
3
2
3
0
0
Case #61:
0
0
0
Case #62:
0
0
0
Case #63:
3
0
0
0
0
1
1
1
0
Case #64:
0
0
0
0
0
0
0
0
0
0
Case #65:
0
0
1
1
0
0
0
0
0
0
0
0
Case #66:
1
3
0
1
1
3
0
0
5
0
1
2
0
3
0
Case #67:
0
1
1
0
0
1
0
0
Case #68:
3
0
4
3
0
0
4
0
1
1
0
1
1
0
1
Case #69:
2
0
5
1
0
1
0
4
1
0
4
1
0
0
0
Case #70:
0
2
3
0
0
0
0
0
0
0
0
0
1
4
0
Case #71:
0
0
0
0
0
0
0
0
0
0
0
0
0
Case #72:
2
1
3
1
1
0
2
4
5
2
0
0
0
0
0
Case #73:
0
0
0
Case #74:
0
0
0
Case #75:
1
Case #76:
1
0
3
2
0
0
1
0
0
0
0
0
Case #77:
1
Case #78:
3
0
0
1
0
0
0
0
0
4
1
1
1
2
0
Case #79:
0
0
1
0
0
2
1
0
0
0
0
Case #80:
0
0
Case #81:
0
3
1
0
0
1
0
2
0
0
1
2
0
2
2
Case #82:
0
0
0
Case #83:
0
0
0
0
0
0
0
0
Case #84:
0
0
0
Case #85:
1
Case #86:
0
1
1
0
3
0
0
1
0
Case #87:
0
0
2
0
0
0
1
Case #88:
0
0
0
2
1
0
0
0
1
0
Case #89:
0
0
0
0
0
0
0
0
0
Case #90:
0
0
0
0
Case #91:
0
0
0
0
0
0
0
0
0
Case #92:
0
0
0
Case #93:
0
0
0
1
1
2
1
0
0
0
2
0
1
2
4
Case #94:
1
Case #95:
0
0
0
Case #96:
0
0
0
0
Case #97:
0
0
1
0
0
1
1
Case #98:
0
1
2
2
2
1
1
0
2
1
0
4
0
0
0
Case #99:
0
0
0
0
0
0
Case #100:
2
0
0
1
1
3
0
0
1
0
0
2
2
