Case #1:
0
0
0
0
1
Case #2:
2
1
0
0
0
0
0
1
0
1
0
Case #3:
0
0
0
2
3
3
1
1
0
0
0
0
3
0
2
Case #4:
1
2
2
0
1
0
0
1
0
1
0
Case #5:
0
0
0
0
0
0
0
0
0
0
0
0
0
0
Case #6:
0
0
Case #7:
0
0
0
0
0
0
0
0
0
0
Case #8:
0
0
0
1
0
0
0
Case #9:
0
0
0
0
1
0
0
Case #10:
0
0
0
0
0
Case #11:
0
1
0
1
0
0
1
0
0
0
1
0
1
4
Case #12:
0
4
0
4
1
2
1
3
0
0
2
0
1
1
0
Case #13:
0
0
0
0
0
0
0
0
0
0
Case #14:
0
0
0
0
2
1
0
2
0
Case #15:
0
0
0
0
0
0
0
0
0
0
0
0
0
Case #16:
0
1
0
0
0
3
0
2
Case #17:
0
0
1
0
2
3
1
4
0
1
1
1
2
0
Case #18:
1
2
2
0
3
1
2
1
0
4
0
0
1
0
0
Case #19:
0
0
0
0
0
0
0
0
0
0
0
Case #20:
0
0
1
0
0
1
0
0
1
0
0
1
1
0
0
Case #21:
0
2
0
1
0
2
0
1
0
0
Case #22:
0
0
0
0
0
0
0
0
0
0
Case #23:
0
0
0
0
0
0
0
0
0
0
0
0
Case #24:
0
2
0
5
1
0
1
0
0
0
1
3
1
3
3
Case #25:
0
0
0
0
1
0
1
Case #26:
3
1
2
4
2
0
0
0
1
0
0
0
3
0
1
Case #27:
1
0
0
1
3
1
2
1
0
2
0
0
0
0
2
Case #28:
0
2
0
0
0
1
0
Case #29:
0
0
0
0
2
1
0
0
Case #30:
2
0
1
0
0
0
0
0
0
0
0
0
Case #31:
3
0
1
0
1
0
5
1
0
0
2
3
3
0
0
Case #32:
1
0
1
2
1
0
0
0
1
Case #33:
1
2
0
0
0
2
2
0
0
1
0
0
4
Case #34:
1
0
2
3
2
1
0
0
0
0
5
1
1
0
2
Case #35:
0
Case #36:
0
0
0
0
3
0
0
0
2
0
0
2
Case #37:
2
0
1
4
1
3
0
0
2
0
1
1
0
0
1
Case #38:
0
Case #39:
0
0
3
0
0
0
1
0
0
2
0
Case #40:
0
0
0
3
0
0
0
4
0
0
1
0
0
0
Case #41:
0
0
0
0
0
0
0
0
0
0
0
0
0
Case #42:
0
0
0
1
0
Case #43:
0
0
0
0
0
0
0
0
0
0
0
0
0
0
Case #44:
0
0
2
5
1
0
1
1
3
1
2
0
0
0
0
Case #45:
0
Case #46:
4
2
0
0
3
1
2
1
0
0
0
1
0
2
1
Case #47:
0
0
0
0
0
Case #48:
0
0
2
2
0
2
5
3
3
0
0
0
1
0
3
Case #49:
0
0
Case #50:
0
0
0
0
0
1
0
1
0
2
2
Case #51:
1
1
3
3
0
0
2
2
0
0
0
0
Case #52:
0
0
0
0
Case #53:
0
2
3
2
0
3
1
2
2
0
1
0
0
0
1
Case #54:
0
0
0
0
0
0
0
0
0
0
0
0
0
0
Case #55:
2
0
0
0
2
0
1
1
0
2
Case #56:
2
3
5
1
0
1
0
1
2
0
0
0
0
1
0
Case #57:
0
0
0
Case #58:
1
4
0
0
1
0
0
0
2
0
1
1
0
1
0
Case #59:
1
2
0
1
1
3
4
0
2
0
0
0
0
0
0
Case #60:
0
0
1
0
1
1
2
1
0
0
2
3
Case #61:
1
1
0
0
0
0
0
Case #62:
2
0
0
2
0
0
2
1
1
0
0
0
0
0
2
Case #63:
0
0
0
0
0
0
0
0
Case #64:
0
0
0
0
0
0
2
0
0
1
Case #65:
0
1
0
2
0
0
0
0
1
Case #66:
0
0
0
0
0
0
0
0
0
Case #67:
0
0
0
0
0
0
0
0
0
Case #68:
2
2
1
2
1
0
0
0
0
3
2
4
0
1
0
Case #69:
0
0
1
1
0
1
0
0
1
0
2
0
0
1
0
Case #70:
0
2
0
0
3
1
0
0
4
0
0
0
0
3
2
Case #71:
0
0
0
Case #72:
0
0
1
2
0
0
0
0
Case #73:
0
1
1
0
0
0
1
Case #74:
0
0
2
0
0
0
0
2
0
Case #75:
0
1
1
2
0
1
0
2
2
4
0
0
1
1
1
Case #76:
2
0
0
0
0
0
Case #77:
0
0
0
3
2
0
0
1
1
0
1
0
Case #78:
0
Case #79:
1
0
1
2
1
0
2
0
3
1
0
0
0
4
4
Case #80:
0
1
1
1
0
0
2
0
1
3
0
0
1
2
4
Case #81:
0
0
0
0
0
Case #82:
0
Case #83:
1
1
1
0
4
0
1
1
4
0
0
2
0
0
3
Case #84:
2
4
2
1
0
0
2
0
0
0
0
1
0
0
Case #85:
0
0
0
0
0
0
0
Case #86:
0
0
0
0
0
2
0
1
0
0
0
3
Case #87:
0
0
0
0
0
0
0
0
0
0
0
Case #88:
0
2
4
3
0
1
0
3
3
0
1
2
0
2
0
Case #89:
0
0
0
0
0
0
0
0
0
0
0
Case #90:
0
0
0
0
0
0
0
Case #91:
0
0
0
0
0
0
0
0
Case #92:
1
0
0
0
0
0
0
0
Case #93:
0
0
1
1
0
4
0
2
0
2
1
2
0
0
1
Case #94:
0
0
0
0
0
0
0
0
Case #95:
0
0
Case #96:
0
1
4
0
2
2
1
2
3
0
0
0
0
1
0
Case #97:
0
0
0
0
0
Case #98:
0
0
0
0
0
0
Case #99:
2
3
0
3
0
2
0
2
2
0
1
1
0
1
0
Case #100:
2
0
0
0
0
2
0
0
