100
4 21002
2 201
2 211
6 2001221
0 1
4 00001
6 0000701
6 9999999
6 3700001
6 5200008
0 1
6 0800001
1 01
2 451
2 009
6 8000031
1 01
2 971
6 7902927
6 1112112
3 0001
3 3341
2 909
6 8000401
4 99094
5 605002
2 008
6 2201211
1 01
6 1212211
6 8040001
6 0060061
1 01
6 0011021
6 0000001
6 3952516
5 110011
6 1221001
6 2102222
6 1111111
4 00001
0 3
6 2021012
4 11111
3 1121
0 1
6 0006001
6 7300049
1 97
3 6001
6 2492238
5 385074
4 00222
6 0006504
6 4000901
2 001
6 0021202
6 0070001
5 002201
3 5282
4 00001
6 2983314
6 2011121
6 9000001
2 222
3 1021
2 111
6 1603909
4 60001
6 3400001
6 0004001
6 1906801
6 3000431
6 1500004
1 65
6 0000001
4 42511
0 1
6 8021001
6 0000061
0 1
1 11
6 3376633
1 09
6 0050011
4 12211
1 01
6 7292373
5 000001
3 3297
6 0000001
4 00001
6 0000009
6 0050074
6 7998018
6 8410711
6 8400001
6 0000301
6 0100001
6 7000001
