300 300 300
4
300 300 1 2
100 200 1 4
300 200 1 1
300 300 2 3 1

300 300 300
4
300 300 2 2 3
100 200 1 4
300 200 1 4
300 300 1 1

250 250 250
4
300 300 2 2 3
100 200 1 4
300 200 1 4
300 300 1 1

500 500 500
8
100 100 2 2 5
500 50 1 3
60 60 1 4
60 500 1 8
100 100 1 6
100 100 1 7
30 30 1 8
100 100 1 1

150 60 100
8
100 100 2 2 5
500 50 1 3
60 60 1 4
60 500 1 8
100 100 1 6
100 100 2 7 4
30 30 1 8
100 100 1 1

100 100 30
8
50 50 1 2
50 50 5 3 4 5 6 7
40 40 5 2 4 5 6 7
30 50 6 2 3 5 6 7 8
20 20 5 2 3 4 6 7
5 5   5 2 3 4 5 7
50 30 6 2 3 4 5 6 8
50 50 6 2 3 4 5 6 1

100 100 100
2
2 2 1 2
100 100 1 1