1 2
2 30
3 12
4 72
5 144
6 210
7 576
8 1152
9 2304
10 24
11 9216
12 60
15 432
21 864
24 2310
28 1728
30 180
35 48
36 3456
45 6912
55 13824
56 2592
60 120
66 27648
84 5184
105 720
120 10368
126 96
140 5400
165 20736
168 1440
180 1260
210 15552
220 41472
252 2880
280 240
286 82944
330 31104
360 4620
420 840
462 192
495 11520
504 21600
560 1080
630 6300
660 23040
715 124416
720 510510
792 93312
840 5040
858 46080
1001 248832
1260 480
1287 186624
1320 86400
1512 10080
1680 12600
1716 384
1980 172800
2002 373248
2310 129600
2520 1680
2772 194400
2860 345600
3003 559872
3150 162000
3360 9240
3780 25200
3960 40320
4004 691200
4620 8640
5005 1119744
5040 7560
5544 960
5940 80640
6435 768
6930 324000
7560 50400
7920 17280
8008 2239488
8580 161280
10010 1036800
10080 180180
10296 777600
11440 3359232
11550 6480
12012 322560
12600 15120
12870 34560
13860 3360
15015 2073600
15120 110880
16632 972000
16800 1323000
18018 1555200
19448 6718464
20020 69120
20160 1021020
22680 485100
23760 201600
24024 1920
24310 1536
25200 18480
25740 26880
27720 12960
30030 138240
30240 120120
34650 226800
36036 1944000
37800 277200
38610 403200
40040 53760
40320 223092870
43758 20155392
45045 2592000
45360 900900
46200 2646000
47520 147840
48048 6220800
50400 83160
51480 13440
55440 60480
60060 25920
72072 6720
75075 5184000
75600 720720
77220 295680
80080 7680
83160 453600
84084 5832000
90090 1612800
90720 3063060
92378 3072
92400 189000
95040 1921920
102960 3840
110880 73920
120120 51840
135135 7776000
136136 15360
138600 45360
151200 1801800
154440 3843840
166320 36960
168168 9720000
180180 241920
181440 19399380
207900 1940400
216216 1360800
225225 103680
226800 6306300
240240 7687680
252252 38880
277200 240240
300300 483840
302400 2042040
308880 2217600
332640 332640
360360 90720
362880 6469693230
400400 207360
408408 31104000
411840 34992000
415800 2494800
420420 29160000
450450 39690000
453600 15315300
480480 967680
498960 3880800
504504 2721600
540540 4435200
554400 1081080
617760 5765760
630630 77760
665280 16336320
675675 3628800
680680 414720
720720 665280
831600 5821200
840840 181440
900900 1134000
907200 58198140
960960 58320000
997920 7207200
1009008 47628000
1081080 4989600
1108800 2079000
1201200 7257600
1235520 32672640
1247400 69369300
1261260 8164800
1361360 77760000
1441440 155520
1601600 84672000
1663200 2162160
1681680 1512000
1801800 362880
1814400 446185740
1995840 24504480
2042040 14515200
2162160 10886400
2333760 174960000
2450448 155520000
2494800 25225200
2522520 2268000
2702700 2661120
2722720 169344000
2882880 16329600
3027024 14968800
3063060 311040
3153150 158760000
3326400 4084080
3603600 725760
3628800 200560490130
3783780 272160
3991680 155195040
4054050 31046400
4084080 21772800
4324320 4324320
4804800 5322240
4989600 61261200
5045040 997920
5405400 19958400
5717712 233280
5765760 190512000
6126120 622080
6306300 4536000
6486480 50450400
6652800 18378360
6726720 285768000
6806800 1451520
7001280 48988800
7207200 6048000
7351344 43545600
7567560 6804000
8108100 57657600
8168160 10644480
8648640 98017920
9189180 583200000
9459450 555660000
9979200 77597520
10090080 544320
10501920 874800000
10810800 39916800
11639628 1244160
12108096 1190700000
12252240 2903040
12612600 1995840
12972960 122522400
13613600 12096000
14414400 9072000
14702688 466560
14968800 1179278100
15135120 64864800
15315300 635040000
15765750 5670000
16216200 196035840
16336320 571536000
16816800 2241162000
17297280 59875200
18918900 69854400
19399380 1166400000
19958400 581981400
20180160 13608000
20420400 79833600
21621600 17297280
22702680 104781600
24504480 1088640
25225200 6486480
25945920 465585120
28588560 1428840000
28828800 3991680
29937600 2036934900
30270240 151351200
30630600 18144000
32432400 201801600
33633600 101871000
34306272 2381400000
34918884 933120
36756720 23950080
37837800 24948000
39907296 4374000000
39916800 892371480
40360320 5987520
40840800 186278400
42007680 1714608000
43243200 34594560
45405360 38918880
46558512 8709120
47297250 436590000
49008960 27216000
50450400 11340000
51891840 3569485920
55135080 2177280
57177120 40824000
57657600 33264000
59875200 6692786100
60540480 2993760
61261200 7983360
63063000 6723486000
64864800 403603200
73513440 3265920
75675600 12972960
77597520 1866240
79833600 25878772920
81681600 69189120
85765680 3333960000
86486400 51891840
90810720 661620960
91891800 279417600
97297200 15330615300
98017920 11975040
100900800 49896000
102918816 1632960
110270160 54432000
113513400 454053600
116396280 4354560
119750400 38818159380
121080960 74844000
122522400 15966720
126023040 107775360
126126000 203742000
129729600 980179200
133024320 1399680
134534400 8964648000
137837700 4445280000
139675536 95800320
142942800 22680000
147026880 81648000
151351200 108108000
171531360 34020000
172972800 605404800
174594420 6531840
181621440 2327925600
183783600 103783680
189189000 162162000
194594400 22406283900
199536480 9797760
201801600 25945920
220540320 934053120
227026800 220540320
232792560 108864000
239500800 401120980260
242161920 1323241920
245044800 99792000
252046080 1401079680
252252000 62370000
257297040 10001880000
259459200 2219817600
279351072 1245404160
283783500 2497294800
290990700 8890560000
294053760 155675520
302702400 698377680
308756448 16669800000
326726400 17929296000
330810480 838252800
343062720 149688000
345945600 294053760
349188840 163296000
363242880 1362160800
367567200 45360000
378378000 4162158000
389188800 46849502700
399072960 244944000
403603200 216216000
428828400 1746360000
441080640 1257379200
454053600 2572970400
465585120 217728000
479001600 304250263527210
490089600 7449361920
504504000 611226000
514594080 68040000
518918400 3430627200
523783260 13335840000
551350800 199584000
567567000 3859455600
571771200 26893944000
588107520 2646483840
605404800 324324000
617512896 58344300000
661620960 1556755200
681080400 9434224800
686125440 3969725760
698377680 1676505600
726485760 3308104800
735134400 588107520
756756000 918918000
775975200 326592000
778377600 194090796900
857656800 124740000
872972100 90720000
882161280 299376000
908107200 1396755360
980179200 432432000
1029188160 449064000
1037836800 9311702400
1047566520 2514758400
1072071000 235322010000
1102701600 3492720000
1135134000 10475665200
1143542400 814968000
1163962800 399168000
1197218880 3772137600
1210809600 5145940800
1323241920 5292967680
1362160800 16295479200
1396755360 136080000
1452971520 12570798240
1470268800 1176215040
1513512000 12486474000
1543782240 5239080000
1551950400 71717184000
1556755200 1203362940780
1629547920 204120000
1654052400 3632428800
1702701000 61322461200
1715313600 648648000
1764322560 7939451520
1816214400 7718911200
1852538688 13097700000
1939938000 181440000
1955457504 116688600000
2018016000 2648646000
2058376320 972972000
2075673600 42833831040
2095133040 598752000
2144142000 3056130000
2205403200 864864000
2270268000 24443218800
2327925600 798336000
2394437760 7005398400
2421619200 1837836000
2572970400 249480000
2618916300 6985440000
2646483840 5448643200
2690688000 2083160079000
2724321600 53542288800
2793510720 898128000
2933186256 170100000
2940537600 1629936000
3027024000 2756754000
3087564480 374220000
3113510400 14841476269620
3308104800 8821612800
3405402000 89625135600
3430627200 16648632000
3491888400 272160000
3632428800 20951330400
3859455600 470644020000
4116752640 25141596480
4151347200 414060366720
4190266080 10478160000
4288284000 810810000
4410806400 1297296000
4540536000 16062686640
4655851200 408240000
4788875520 23818354560
4843238400 64250746560
4888643760 15717240000
5145940800 2444904000
5292967680 13232419200
5448643200 122644922400
5587021440 21171870720
5819814000 1995840000
5866372512 26195400000
5881075200 5587021440
6054048000 70756686000
6175128960 1945944000
6227020800 13082761331670030
6285399120 10897286400
6432426000 62432370000
6518191680 242045496000
6616209600 19978358400
6810804000 187398010800
6861254400 3675672000
6983776800 498960000
7264857600 48886437600
7718911200 3243240000
7981459200 2694384000
8072064000 22513491000
8380532160 16345929600
8576568000 7945938000
8821612800 33297264000
9081072000 73329656400
9262693440 4864860000
9311702400 3459456000
9648639000 2588542110000
9777287520 340200000
9924314400 75473798400
10216206000 4951788741900
10291881600 5513508000
10475665200 2594592000
10585935360 50283192960
10897286400 179250271200
11435424000 4166320158000
11639628000 25945920000
11732745024 1871100000
11762150400 128501493120
12108096000 17459442000
12350257920 62853991200
12570798240 26464838400
12864852000 13783770000
13232419200 30875644800
13621608000 776363187600
13967553600 4490640000
14529715200 32125373280
15437822400 1621620000
15519504000 6519744000
15713497800 39956716800
15962918400 35026992000
16761064320 3891888000
17459442000 997920000
17643225600 7351344000
18162144000 240940299600
18525386880 46313467200
18623404800 58810752000
19554575040 5837832000
19848628800 130363833600
20432412000 6699478886100
20583763200 10594584000
20951330400 6486480000
21794572800 374796021600
22870848000 160243083000
23156733600 124864740000
23279256000 5189184000
23944377600 49037788800
24216192000 672188517000
24443218800 12224520000
24700515840 289128359520
25141596480 59935075200
25729704000 212270058000
26464838400 83805321600
27243216000 1165126762800
27935107200 1496880000
29059430400 931635825120
29331862560 9729720000
30875644800 11027016000
31426995600 61751289600
32590958400 2245320000
33522128640 66162096000
34306272000 45026982000
34918884000 9779616000
35198235072 24324300000
35286451200 139675536000
36324288000 562194032400
36664828200 5177084220000
37050773760 16540524000
38594556000 39729690000
39109150080 3742200000
39697257600 428338310400
40864824000 14944991361300
41167526400 34918884000
41902660800 7783776000
43589145600 1552726375200
46313467200 27567540000
46558512000 88216128000
47888755200 119091772800
48432384000 200783583000
50283192960 92626934400
51459408000 52378326000
52378326000 12972960000
52929676800 195545750400
54486432000 2061378118800
55576160640 254724069600
55870214400 11675664000
58663725120 138940401600
61108047000 21392910000
61751289600 209513304000
62853991200 119870150400
65181916800 22004136000
68612544000 3219429213000
69837768000 24449040000
70396470144 413513100000
70572902400 12835871368320
72648576000 2329089562800
73329656400 249729480000
74101547520 314269956000
77189112000 806626220400
79394515200 717001084800
81729648000 42117702927300
82335052800 803134332000
83805321600 19459440000
87178291200 9626903526240
87995587680 374594220000
92626934400 293318625600
93117024000 205837632000
94280986800 981159379200
95777510400 452548736640
96864768000 5822723907000
97772875200 29189160000
100566385920 251415964800
102918816000 320486166000
104756652000 199783584000
105859353600 642507465600
108972864000 5434542313200
111152321280 439977938400
111740428800 198486288000
115783668000 1061350290000
117327450240 33081048000
123502579200 69837768000
125707982400 185253868800
130363833600 16665280632000
137225088000 427756329000
138940401600 1103804301600
139675536000 42378336000
145297152000 8151813469800
146659312800 79459380000
154378224000 135080946000
158789030400 1499184086400
163459296000 113891141063700
167610643200 277880803200
174356582400 118731810156960
175991175360 509448139200
183324141000 3059186130000
185253868800 104756652000
186234048000 558702144000
188561973600 1434002169600
195545750400 449513064000
201132771840 1156513438080
205837632000 401567166000
209513304000 308756448000
211718707200 3726543300480
217945728000 24067258815600
222304642560 1445641797600
231567336000 1833241410000
234654900480 628539912000
244432188000 42785820000
247005158400 1606268664000
251415964800 502831929600
277880803200 1613252440800
279351072000 63567504000
290594304000 36100888223400
293318625600 749188440000
308756448000 6184134356400
314269956000 679264185600
317578060800 6210905500800
326918592000 194284887696900
335221286400 463134672000
351982350720 879955876800
370507737600 2248776129600
377123947200 2998368172800
391091500800 95351256000
411675264000 2724132411000
419026608000 771891120000
435891456000 84235405854600
439977938400 2122700580000
444609285120 8384722426080
463134672000 4033131102000
488864376000 158918760000
494010316800 28880710578720
502831929600 1018896278400
527973526080 3311412904800
555761606400 3373164194400
558702144000 1080647568000
581188608000 267146572853160
586637251200 238378140000
617512896000 855512658000
628539912000 1173274502400
635156121600 38507614104960
653837184000 463294732200300
670442572800 1257079824000
694702008000 10486140865200
703964701440 2199889692000
733296564000 556215660000
741015475200 5621940324000
754247894400 9321014102400
782183001600 1620971352000
823350528000 40759067349000
833642409600 39614309935200
838053216000 1698160464000
871782912000 445244288088600
879955876800 3226504881600
926269344000 8432910486000
977728752000 2701618920000
1005663859200 1759911753600
1055947052160 4839757322400
1099944846000 13797553770000
1111523212800 12368268712800
1117404288000 360215856000
1173274502400 2547240696000
1222160940000 278107830000
1235025792000 19676791134000
1257079824000 3855044793600
1270312243200 474927240627840
1303638336000 1281944664000
1307674368000 1558355008310100
1389404016000 18552403069200
1407929402880 7228208988000
1466593128000 4245401160000
1482030950400 23290895628000
1508495788800 16491024950400
1646701056000 180504441117000
1667284819200 53595831088800
1676106432000 2933186256000
1743565824000 3651003162326520
1759911753600 6368101740000
1852538688000 30920671782000
1885619736000 18642028204800
1955457504000 540323784000
2011327718400 5782567190400
2111894104320 10119492583200
2199889692000 20165655510000
2223046425600 32607253879200
2234808576000 6844101264000
2346549004800 810485676000
2444321880000 4807292490000
2470051584000 9838395567000
2514159648000 6453009763200
2607276672000 7826432416803000
2615348736000 9127507905816300
2639867630400 20972281730400
2778808032000 48910880818800
2933186256000 1350809460000
2964061900800 4868004216435360
3016991577600 43476338505600
3334569638400 119559930890400
3352212864000 9637611984000
3487131648000 52331045326680120
3519823507200 9679514644800
3666482820000 4727833110000
3705077376000 81518134698000
3771239472000 32982049900800
3910915008000 10266151896000
4022655436800 33538889704320
4168212048000 455564564254800
4223788208640 41923612130400
4399779384000 27595107540000
4446092851200 144403552893600
4693098009600 14456417976000
4940103168000 285313471443000
5028319296000 13492656777600
5230697472000 78496567990020180
5279735260800 37104806138400
5557616064000 179339896335600
5866372512000 16132524408000
6033983155200 192538070524800
6599669076000 178264394708400
6669139276800 336941623418400
6704425728000 22487761296000
7039647014400 20238985166400
7332965640000 89828829090000
7410154752000 361008882234000
7542478944000 86952677011200
7821830016000 10896529644000
8336424096000 777139550787600
8447576417280 259926395208480
8799558768000 40331311020000
8892185702400 1068586291412640
9777287520000 16344794466000
9880206336000 10953009486979560
10056638592000 49473074851200
10461394944000 1229779565176982820
10559470521600 62916845191200
11115232128000 505412435127600
11732745024000 33731641944000
12067966310400 1424781721883520
13199338152000 241181239899600
13338278553600 1780977152354400
13408851456000 93163582512000
14079294028800 50597462916000
14665931280000 141159588570000
14820309504000 1263531087819000
15084957888000 214383324355200
15643660032000 78707164536000
15839205782400 911129128509600
16672848192000 1853178928801200
17599117536000 74209612276800
19554575040000 310551094854000
20113277184000 130429015516800
21118941043200 111314418415200
21998896920000 262153521630000
22230464256000 2671465728531600
23465490048000 118060746804000
24135932620800 19472016865741440
25009272288000 62754018726098700
26072766720000 460378377459000
26398676304000 356528789416800
26676557107200 14604012649306080
28158588057600 209618060652000
29331862560000 295151867010000
29640619008000 6678664321329000
30169915776000 478239723561600
31678411564800 1554279101575200
33345696384000 6233420033240400
35198235072000 185524030692000
39109150080000 103517031618000
39598014456000 8655726720841200
40226554368000 577614211574400
42237882086400 293465284912800
43997793840000 463810076730000
44460928512000 9350130049860600
46930980096000 326072538792000
50018544576000 102388135816266300
52797352608000 482362479799200
53353114214400 209324181306720480
58663725120000 649334107422000
59281238016000 2459559130353965640
60339831552000 1347766493673600
63356823129600 3706357857602400
66691392768000 34283810182822200
70396470144000 489108808188000
78218300160000 2380891727214000
79196028912000 13211372363389200
80453108736000 4274345165650560
84475764172800 1299631976042400
87995587680000 1205906199498000
88921857024000 54765047434897800
93861960192000 1141253885772000
100037089152000 222844766188344300
105594705216000 1076039378013600
117327450240000 1711880828658000
120679663104000 7123908609417600
126713646259200 12466840066480800
131993381520000 4100081078293200
133382785536000 127785110681428200
140792940288000 1793398963356000
156436600320000 15475796226891000
158392057824000 17311453441682400
168951528345600 9617276622713760
175991175360000 2690098445034000
177843714048000 470979407940121080
200074178304000 702818108747855100
211189410432000 3032474610765600
234654900480000 6276896371746000
237588086736000 1443342430700270100
241359326208000 58416050597224320
253427292518400 73020063246530400
263986763040000 6994255957088400
266765571072000 784965679900201800
281585880576000 5054124351276000
312873200640000 34522930044603000
316784115648000 26422744726778400
351982350720000 7581186526914000
400148356608000 2747379879650706300
422378820864000 11119073572807200
469309800960000 17689435229466000
475176173472000 1945374580509059700
482718652416000 837296725226881920
506854585036800 627972543920161440
527973526080000 16678610359210800
533531142144000 7378677391061896920
563171761152000 26714657285316000
633568231296000 48182652148831200
703964701440000 27797683932018000
791960289120000 251016074904394800
844757641728000 37400520199442400
938619601920000 97291893762063000
950352346944000 3788361025201853100
1055947052160000 56100780299163600
1267136462592000 137135240731288800
1407929402880000 93501300498606000
1583920578240000 409552543265065200
1689515283456000 219060189739591200
1877239203840000 327254551745121000
1900704693888000 9136635413722116300
2111894104320000 205702861096933200
2534272925184000 511140442725712800
2815858805760000 514257152742333000
3167841156480000 891379064753377200
3379030566912000 1883917631760484320
4223788208640000 766710664088569200
5068545850368000 3139862719600807200
5631717611520000 1916776660221423000
6335682312960000 2811272434991420400
8447576417280000 4216908652487130600
